
UPDATE expedia_destinations SET mainAirport = 1 WHERE destinationId IN 
(
180507,
438,
800008,
6059086,
6057530,
6049995,
6052659,
6051447,
80018,
693,6052155,715,767,6058364,800023,6059481,6053496,800027,800032,6059249,6052528,6054252,6053437,6052409,6054220,6051135,6056229,1488,6059131,6059892,
2008,2080,6054531,800060,6059555,6057457,6053449,2375,6052025,6059436,800068,2302,6050648,6058209,6057778,6059743,800074,800083,2630,6053824,2670,
6050893,6056597,6053214,6057650,1476,6054575,6046688,6051630,6058536,6054694,6053029,6051983,3215,800121,800123,800127,602703,3095,800133,180545,
3235,6052779,6049865,3518,6048238,6057935,6058665,6058438,6056582,6051499,6057136,800138,6058358,6057879
)

UPDATE expedia_destinations SET mainAirport = 1 WHERE destinationId IN 
(
6055283,
6054349,
6057768,
6054059,
6048791,
6050100,
6058882,
6057279,
6064268,
6052814,
6059505,
6054305,
6060025,
6053498,
6058855,
6054429,
6059193,
6054233,
602399,
6057739,
6054808,
6057874,
6058830,
6051409,
6049532,
800074,
6051688,
6069778,
6056468,
800088,
6054755,
6057666,
6057754,
6053744,
6057977,
6059558,
6049716,
6054381,
6049093,
6056391,
6058847,
6055015,
6057887,
6057859,
6058213,
6057870,
6054949
)
